36.370166834	1137.34020814	0
36.5871353691	1137.85449037	0
36.8023758481	1138.36535463	0
37.0330544067	1138.91393861	0
37.2284050541	1139.3778058	0
37.43725973	1139.87316713	0
37.6460419262	1140.36913881	0
37.8722038818	1140.90637025	0
38.0995560234	1141.44714174	0
38.3307533821	1141.99682435	0
38.5585671021	1142.53845033	0
38.7883949823	1143.08569154	0
38.9843102059	1143.55456361	0
39.1648865301	1144.04711733	0
39.3215485179	1144.60717592	0
39.4751854486	1145.12133607	0
39.6386719304	1145.63134584	0
39.7980843132	1146.15551576	0
39.9530640197	1146.66345033	0
40.1151123593	1147.18432436	0
40.272193964	1147.69286928	0
40.4447746828	1148.25378236	0
40.6042671742	1148.7696515	0
40.7733116689	1149.31591615	0
40.921787316	1149.83141908	0
41.0089874818	1150.35522279	0
41.018127497	1150.90514955	0
41.0259934026	1151.49511537	0
41.0561104375	1152.04211244	0
41.0522003716	1152.62768373	0
41.0332489561	1153.22241029	0
41.0320396968	1153.79821596	0
41.0023613526	1154.36523256	0
40.9272690378	1154.86120424	0
40.8411408015	1155.458006	0
40.7804260814	1155.96813783	0
40.6551170908	1156.54894838	0
40.4892426093	1157.11535463	0
40.3424339842	1157.60827455	0
40.1418076106	1158.12927065	0
39.9353485653	1158.59997377	0
39.6990547733	1159.10607728	0
39.4241867607	1159.5439435	0
39.0671806883	1159.92150697	0
38.6129036505	1160.2717267	0
38.169971521	1160.5842267	0
37.7525940497	1160.90746889	0
37.3227997368	1161.2293683	0
36.9047623235	1161.5172101	0
36.4313316889	1161.85644349	0
35.9735146111	1162.18591127	0
35.4802094059	1162.48815736	0
34.9801025943	1162.75781069	0
34.5422440132	1163.0139142	0
34.108657892	1163.27026185	0
33.6500092092	1163.53320131	0
33.1860619134	1163.801756	0
32.6677628122	1164.10363588	0
32.1785812933	1164.38720522	0
31.6657677243	1164.68444642	0
31.2314625335	1164.93652162	0
30.7370033804	1165.22326478	0
30.2233677456	1165.52062806	0
29.7157936644	1165.81493959	0
29.278976495	1166.06786928	0
28.7727108556	1166.36120424	0
28.3226261678	1166.62219057	0
27.8426743108	1166.90051088	0
27.3406525204	1167.19152651	0
26.837783869	1167.48278627	0
26.3135910581	1167.78649721	0
25.8095245913	1168.0788556	0
25.3000870309	1168.37402162	0
24.7998085569	1168.66393861	0
24.2840481349	1168.96301088	0
23.7787151877	1169.25585756	0
23.2684727256	1169.55151186	0
22.7656612943	1169.84301576	0
22.2520752513	1170.14062318	0
21.753091868	1170.42980775	0
21.2357121073	1170.72997865	0
20.7292805261	1171.02355775	0
20.2177467903	1171.32018861	0
19.7115650715	1171.61376772	0
19.2123375488	1171.90319642	0
18.7007065358	1172.19994936	0
18.1932430808	1172.49426088	0
17.6956959316	1172.7828351	0
17.1938190999	1173.07385072	0
16.6861668188	1173.36840638	0
16.2536202035	1173.61938295	0
15.7548971718	1173.90881166	0
15.3220177251	1174.15991029	0
14.8061037609	1174.45959291	0
14.3047018606	1174.75060853	0
13.8511772708	1175.01415834	0
13.3728514272	1175.29162416	0
12.865365083	1175.58630189	0
12.3964634485	1175.85961733	0
11.9337359031	1176.12841615	0
11.4379778464	1176.41589174	0
10.9200630746	1176.71594057	0
10.4164085932	1177.00829897	0
9.92282682168	1177.29443178	0
9.47466664965	1177.5541974	0
9.01759248605	1177.85082826	0
8.6360388351	1178.20043764	0
8.30823522416	1178.62267884	0
7.96652799268	1179.0920392	0
7.59641032928	1179.54980287	0
7.2654309817	1179.98461732	0
7.01080327819	1180.41515931	0
6.79400449601	1180.89025697	0
6.54711967212	1181.40478334	0
6.30476194166	1181.88842592	0
6.11991601746	1182.42761049	0
5.98838382401	1183.0015851	0
5.83194690401	1183.5607892	0
5.68923860363	1184.10326967	0
5.62051301764	1184.6812726	0
5.58791213832	1185.20861635	0
5.55990367586	1185.72338686	0
5.5883174488	1186.27758607	0
5.66808038572	1186.84594545	0
5.75845676259	1187.37756166	0
5.8577433186	1187.95788392	0
5.94937520841	1188.45434389	0
6.05940967443	1188.97839174	0
6.19789558259	1189.54809389	0
6.33810811827	1190.05395326	0
6.51709752728	1190.59338197	0
6.72297244874	1191.12243471	0
6.92183500086	1191.63207826	0
7.12750917178	1192.18774233	0
7.30721669964	1192.66283998	0
7.51721435419	1193.21752748	0
7.7275024	1193.77795229	0
7.93547158886	1194.3309308	0
8.13985734625	1194.87475404	0
8.34716134844	1195.42614564	0
8.53743844869	1195.93224916	0
8.74609094358	1196.48437318	0
8.95477872604	1197.04052553	0
9.13280206494	1197.5172101	0
9.30813222594	1197.98693666	0
9.50870042614	1198.52136049	0
9.71146207681	1199.03259096	0
9.97310262354	1199.52563295	0
10.3019266687	1199.99792299	0
10.6367445544	1200.511839	0
10.9262152268	1200.97643861	0
11.2516813836	1201.47656068	0
11.5716343475	1201.97680482	0
11.8904390885	1202.47802553	0
12.2025566642	1202.96423158	0
12.5091419765	1203.44421205	0
12.8290081579	1203.94445619	0
13.104362542	1204.37438783	0
13.4145756327	1204.85925111	0
13.7305918297	1205.35326967	0
14.04732042	1205.84704408	0
14.3378344138	1206.29943666	0
14.6580877856	1206.79858217	0
14.9378672196	1207.23486146	0
15.2577477046	1207.73449525	0
15.5817099168	1208.23888978	0
15.8927126477	1208.72338685	0
16.2190895629	1209.2326642	0
16.5346890052	1209.72424135	0
16.852869088	1210.22009095	0
17.1422272281	1210.67077455	0
17.4691830222	1211.1791974	0
17.7397099103	1211.60009584	0
18.0539703909	1212.08849916	0
18.3282337732	1212.51354799	0
18.6314888549	1212.98522768	0
18.9203892312	1213.43493471	0
19.2622585839	1213.9658185	0
19.5368233284	1214.39257631	0
19.8114662722	1214.82018861	0
20.0860291069	1215.24767885	0
20.3767281135	1215.69946107	0
20.7038708287	1216.2071515	0
20.9745255069	1216.62804994	0
21.2572746828	1217.06835756	0
21.5689926692	1217.52929506	0
21.9210854135	1217.92419252	0
22.3256626689	1218.23119935	0
22.7877808164	1218.48705873	0
23.2491207682	1218.71996889	0
23.7018051701	1218.97460756	0
24.1728382665	1219.21618471	0
24.6676788881	1219.37011537	0
25.191890771	1219.43090639	0
25.7494545532	1219.40771303	0
26.3485966278	1219.33227357	0
26.9064407906	1219.28832826	0
27.4593239379	1219.23803529	0
28.0364609316	1219.10754213	0
28.6029205869	1218.95886049	0
29.1508637014	1218.83642396	0
29.7083530982	1218.66638002	0
30.2593327119	1218.47021303	0
30.8583622522	1218.28173646	0
31.3539734439	1218.10986146	0
31.872837122	1217.88598451	0
32.4060631341	1217.66320619	0
32.8850708551	1217.47082338	0
33.3647461494	1217.23254213	0
33.8758965081	1216.94054994	0
34.3553963259	1216.69054994	0
34.8303680978	1216.4436017	0
35.3516884391	1216.16589174	0
35.8627014704	1215.89636049	0
36.3836212699	1215.62096986	0
36.8815804071	1215.35717592	0
37.4061318	1215.07922182	0
37.9397430978	1214.79626283	0
38.4588547294	1214.52136049	0
38.9612732489	1214.25549135	0
39.4096642092	1214.01757631	0
39.9547501166	1213.72851381	0
40.4316063465	1213.47582826	0
40.9475594118	1213.20214662	0
41.4847298209	1212.91711244	0
41.9842148374	1212.65234193	0
42.5062180121	1212.37560853	0
43.0342560373	1212.09570131	0
43.5590286799	1211.81799135	0
44.0953827461	1211.53417787	0
44.6073074894	1211.26367006	0
45.0789528445	1211.01452455	0
45.5967064455	1210.7404767	0
46.0754356933	1210.48754701	0
46.5955467783	1210.21301088	0
47.1632652834	1209.91369447	0
47.6194763743	1209.67333803	0
48.135791833	1209.40136537	0
48.6537666864	1209.12731752	0
49.1320915763	1208.87353334	0
49.6085320058	1208.62182436	0
50.1002693716	1208.36254701	0
50.5586166928	1208.12084779	0
51.0109177184	1207.88244447	0
51.4701080868	1207.63989076	0
52.0101624073	1207.35363588	0
52.4664078301	1207.11266908	0
52.9403839665	1206.86315736	0
53.4156227673	1206.61266908	0
53.8947868889	1206.36034975	0
54.3685646614	1206.11071596	0
54.8263245185	1205.86962709	0
55.2972488963	1205.62145814	0
55.8159943169	1205.34789857	0
56.3421669545	1205.07031068	0
56.8390350884	1204.80822572	0
57.3805389951	1204.52197084	0
57.8726921621	1204.26159486	0
58.3917885383	1203.98608217	0
58.8333206728	1203.72167787	0
59.2348824093	1203.38720522	0
59.5770569388	1202.96093568	0
59.8571663462	1202.47595033	0
60.142879542	1201.93823061	0
60.442073878	1201.43273744	0
60.7156944817	1200.95861635	0
60.9922676633	1200.3913556	0
61.1759300785	1199.8408185	0
61.3537483768	1199.28039369	0
61.5143814628	1198.7717267	0
61.584247643	1198.25427064	0
61.550628717	1197.71557436	0
61.4839058472	1197.21557436	0
61.4317246029	1196.63451967	0
61.393512781	1196.13366517	0
61.3413391656	1195.58788881	0
61.257515009	1195.01171694	0
61.1394386833	1194.45080385	0
61.0261879509	1193.90234193	0
60.8629913885	1193.35729799	0
60.6860848016	1192.88024721	0
60.5098877496	1192.33556947	0
60.3070068914	1191.78869447	0
60.0741425105	1191.27587709	0
59.8779793333	1190.80334291	0
59.6771126344	1190.30602846	0
59.477348383	1189.83080873	0
59.2560730542	1189.31176576	0
58.9433136543	1188.70983705	0
58.6931343622	1188.27514467	0
58.4376717163	1187.79382143	0
58.1436310371	1187.2416974	0
57.8809509834	1186.75854311	0
57.579162653	1186.1960431	0
57.3247452324	1185.72338686	0
57.0789223261	1185.26794252	0
56.8214684085	1184.7897931	0
56.5691376285	1184.32116518	0
56.3104897087	1183.84106264	0
56.0648689819	1183.38488588	0
55.7991638738	1182.89147768	0
55.5518265329	1182.43383608	0
55.254058893	1181.93603334	0
54.9358063299	1181.46459779	0
54.6459808893	1181.00976381	0
54.350856835	1180.53942689	0
54.0688705986	1180.1010724	0
53.7547226512	1179.60864076	0
53.4240913936	1179.0887433	0
53.1053085874	1178.58959779	0
52.8069954464	1178.12194642	0
52.5162849976	1177.66589174	0
52.2295418342	1177.21655092	0
51.9450150085	1176.77038392	0
51.6226692747	1176.26525697	0
51.3113899776	1175.77795228	0
51.0035019474	1175.29540834	0
50.6859551035	1174.79833803	0
50.3734169559	1174.30932436	0
50.0542183476	1173.80944643	0
49.7408218926	1173.31945619	0
49.4264145446	1172.82739076	0
49.1062126716	1172.32617006	0
48.7928124024	1171.83581361	0
48.4674492431	1171.32665834	0
48.1589584901	1170.84289369	0
47.8863602245	1170.41576967	0
47.5803604671	1169.93713197	0
47.261543329	1169.43823061	0
46.9683113638	1168.97912416	0
46.6874008722	1168.53893861	0
46.3910942635	1168.07519349	0
46.107265528	1167.63085756	0
45.7842445924	1167.12487611	0
45.4707871039	1166.63537416	0
45.1263809744	1166.14379701	0
44.7767334538	1165.75964174	0
44.3357430063	1165.31799135	0
43.9601364692	1164.92675599	0
43.5611916135	1164.60241518	0
43.0661202036	1164.27197084	0
42.6114464362	1163.94421205	0
42.1343727654	1163.65136537	0
41.6312409005	1163.40734681	0
41.1034927916	1163.17663393	0
40.6053848809	1162.98583803	0
40.0968628475	1162.87133608	0
39.5118370603	1162.84240541	0
38.9347000663	1162.82494936	0
38.3658028197	1162.78173646	0
37.7824326108	1162.79272279	0
37.2749863217	1162.89257631	0
36.7422867382	1163.0172101	0
36.2487564629	1163.14440736	0
35.7029686525	1163.2840558	0
35.0929871154	1163.44787416	0
34.5583725527	1163.64843568	0
34.0536995485	1163.90026674	0
